4294967278,101
4294967278,86
4294967278,76
4294967278,164
4294967279,368
4294967279,267
4294967278,121
4294967278,2
4294967278,89
4294967278,444
4294967278,311
4294967278,260
4294967279,103
4294967279,102
4294967279,101
4294967279,100
4294967279,98
4294967279,93
4294967279,92
4294967279,273
4294967279,87
4294967279,75
4294967279,51
4294967279,45
4294967279,42
4294967279,0
4294967278,400
4294967278,429
739,5
739,4
739,3
739,2
739,1
4294967279,269
4294967278,350
4294967278,236
4294967278,374
4294967279,382
4294967279,225
4294967279,97
4294967294,1003
4294967294,1011
4294967294,1012
4294967294,1007
4294967278,399
4294967278,218
4294967278,373
4294967279,209
4294967279,210
4294967279,207
4294967279,206
4294967279,205
735,6
735,5
735,4
735,3
735,2
735,1
4294967278,398
4294967294,1100
4294967278,183
4294967278,182
4294967279,2
4294967279,88
4294967278,282
732,5
732,4
732,3
732,2
732,1
4294967279,167
4294967279,358
4294967278,328
4294967279,357
4294967278,330
4294967279,44
4294967279,371
4294967278,152
4294967279,266
4294967294,999
4294967294,1175
4294967278,397
728,5
728,4
728,3
728,2
728,1
4294967278,272
4294967279,259
4294967279,355
0,7
4294967279,282
4294967279,263
4294967278,281
4294967278,265
4294967278,349
4294967278,264
4294967294,1420
724,5
724,4
724,3
724,2
724,1
4294967294,996
4294967294,1005
4294967294,995
4294967279,243
4294967279,335
722,6
722,5
722,4
722,3
722,2
722,1
4294967279,221
4294967294,76
4294967294,5
4294967278,338
4294967294,450
4294967279,566
4294967278,336
4294967278,396
4294967294,38
4294967294,36
4294967294,39
719,5
719,4
719,3
719,2
719,1
4294967294,45
4294967294,426
4294967294,91
4294967294,88
4294967294,87
4294967294,85
717,5
4294967279,351
717,4
717,3
717,2
717,1
4294967279,350
4294967279,349
4294967278,394
715,6
715,5
715,4
4294967278,165
715,3
715,2
715,1
714,4
714,3
714,2
714,1
713,4
713,3
713,2
713,1
4294967278,231
4294967278,229
4294967279,230
4294967278,409
4294967278,284
4294967294,1093
4294967294,84
4294967294,10
4294967294,419
4294967278,112
4294967279,559
4294967279,555
4294967279,252
4294967294,7
4294967294,41
4294967294,43
4294967294,51
4294967294,52
4294967279,257
4294967279,535
4294967279,534
4294967279,533
4294967279,310
4294967278,347
4294967279,308
4294967278,393
4294967279,241
4294967279,239
4294967279,237
4294967279,233
4294967278,228
712,5
712,4
712,2
712,1
4294967294,1415
4294967294,83
4294967278,339
4294967279,346
4294967279,216
4294967279,188
4294967279,354
4294967279,345
4294967278,391
4294967294,402
4294967294,409
708,6
708,5
708,4
708,3
708,2
708,1
4294967278,342
4294967279,168
4294967278,166
4294967279,569
705,5
705,4
705,2
705,1
4294967279,526
4294967294,393
4294967294,528
4294967294,1092
4294967294,1013
4294967278,441
4294967279,343
4294967278,434
4294967278,277
701,5
701,4
701,2
701,1
697,5
697,4
697,3
697,2
697,1
695,6
695,5
695,4
695,2
695,1
4294967279,336
4294967294,1422
4294967278,390
4294967278,371
692,5
692,4
692,3
692,2
692,1
4294967294,40
4294967279,172
4294967279,334
4294967278,368
4294967278,369
690,5
690,4
690,3
690,2
690,1
4294967278,389
4294967278,0
4294967294,389
688,6
4294967294,1
4294967294,470
4294967294,185
4294967294,1000
4294967294,443
4294967294,415
4294967294,459
688,5
688,4
688,3
688,2
688,1
687,4
687,3
687,2
687,1
4294967294,0
4294967294,17
4294967294,99
4294967294,107
4294967294,2
4294967294,162
4294967294,1001
4294967294,1014
4294967294,391
4294967294,179
4294967294,163
686,4
686,3
686,2
686,1
4294967294,37
4294967294,27
4294967294,90
4294967294,86
4294967294,418
4294967294,1174
4294967294,1173
4294967294,29
4294967294,1017
4294967294,28
4294967294,1016
4294967294,44
4294967294,53
4294967294,1421
4294967279,538
4294967294,96
4294967294,94
4294967279,537
4294967294,9
4294967294,8
4294967278,388
4294967294,46
4294967294,42
4294967278,420
4294967294,22
4294967294,67
4294967294,93
4294967294,95
4294967294,436
4294967294,416
4294967294,50
4294967294,12
4294967294,471
4294967294,25
4294967294,1018
4294967294,26
4294967294,92
4294967279,256
4294967294,1097
4294967294,82
4294967294,11
4294967294,81
4294967294,68
4294967279,557
4294967279,315
0,5
4294967294,6
4294967293,131
4294967293,130
4294967293,129
4294967293,128
4294967293,127
4294967293,126
4294967293,125
4294967293,124
4294967293,123
4294967293,122
4294967293,121
4294967293,120
4294967293,119
4294967293,118
4294967293,117
4294967293,116
4294967293,115
4294967293,114
4294967293,113
4294967293,112
4294967293,111
4294967293,110
4294967293,109
4294967293,108
4294967293,107
4294967293,106
4294967293,105
4294967293,104
4294967293,103
4294967293,102
4294967293,101
4294967293,100
4294967293,99
4294967293,98
4294967293,97
4294967293,96
4294967293,95
4294967293,94
4294967293,93
4294967293,92
4294967293,91
4294967293,90
4294967293,89
4294967293,87
4294967293,86
4294967293,85
4294967293,84
4294967293,83
4294967293,82
4294967293,81
4294967293,80
4294967293,79
4294967293,78
4294967293,77
4294967293,76
4294967293,75
4294967293,74
4294967293,73
4294967293,72
4294967293,71
4294967293,70
4294967293,69
4294967293,68
4294967293,67
4294967293,66
4294967293,65
4294967293,64
4294967293,63
4294967293,62
4294967293,61
4294967293,60
4294967293,59
4294967293,58
4294967293,57
4294967293,56
4294967293,55
4294967293,54
4294967293,53
4294967293,52
4294967293,51
4294967293,50
4294967293,49
4294967293,48
4294967293,47
4294967293,46
4294967293,45
4294967293,44
4294967293,43
4294967293,42
4294967293,41
4294967293,40
4294967293,39
4294967293,38
4294967293,37
4294967293,36
4294967293,35
4294967293,34
4294967293,33
4294967293,32
4294967293,31
4294967293,30
4294967293,29
4294967293,28
4294967293,27
4294967293,26
4294967293,25
4294967293,24
4294967293,23
4294967293,22
4294967293,21
4294967293,20
4294967293,19
4294967293,18
4294967293,17
4294967293,16
4294967293,15
4294967293,14
4294967293,13
4294967293,12
4294967293,11
4294967293,10
4294967293,9
4294967293,8
4294967293,7
4294967293,6
4294967293,5
4294967293,4
4294967293,3
4294967278,422
4294967278,395
4294967278,61
4294967278,343
4294967278,60
4294967278,59
4294967278,58
4294967278,51
4294967278,50
4294967278,49
4294967278,48
4294967278,47
4294967278,44
4294967278,42
4294967278,41
4294967278,39
4294967278,38
4294967278,37
4294967278,36
4294967278,35
4294967278,33
4294967278,31
4294967278,29
4294967278,28
4294967278,337
4294967278,26
4294967278,23
4294967278,22
4294967278,21
4294967278,20
4294967278,19
4294967278,18
4294967278,17
4294967278,16
4294967278,15
4294967278,14
4294967278,12
4294967278,11
4294967278,405
4294967278,10
4294967278,326
4294967278,9
4294967278,8
4294967278,7
4294967279,556
4294967279,512
4294967279,378
4294967279,558
4294967278,238
4294967279,333
4294967278,208
4294967278,249
4294967278,194
4294967278,191
4294967279,189
685,5
685,4
685,2
685,1
4294967278,387
4294967278,386
4294967279,332
4294967279,575
4294967278,385
681,6
681,5
681,4
681,3
681,2
681,1
4294967279,330
4294967279,369
4294967279,135
4294967279,272
4294967279,329
4294967278,384
4294967294,412
4294967294,1171
4294967294,168
4294967294,414
4294967294,190
4294967294,466
4294967294,451
678,5
678,4
678,2
678,1
4294967279,255
4294967279,328
4294967279,515
4294967278,340
4294967279,327
4294967278,254
4294967279,326
674,5
674,4
674,2
674,1
4294967278,302
4294967279,383
4294967278,426
4294967278,137
4294967278,205
4294967279,325
4294967279,203
4294967278,201
4294967279,200
4294967279,198
4294967279,195
4294967279,194
670,5
670,4
670,3
670,2
